srun: got SIGCONT
slurmstepd: error: *** JOB 8993907 ON compute-9-2 CANCELLED AT 2022-08-25T16:55:04 ***
srun: forcing job termination
slurmstepd: error: *** STEP 8993907.0 ON compute-9-2 CANCELLED AT 2022-08-25T16:55:04 ***
(null): log_init(): Unable to open logfile`/var/log/slurm/slurmd.log': No such file or directory
(null): log_init(): Unable to open logfile`/var/log/slurm/slurmd.log': No such file or directory
[3975, 20000, 1313, 16603, 15, 22, 20000, 21, 5883, 3808, 8, 12054, 16764, 13657, 1174, 18260, 8183, 7, 14277, 4897, 2705, 6660, 20000, 18, 13075, 11078, 22, 11, 2681, 2574, 12923, 2288, 12671, 14523, 6526, 16653, 20000, 37, 5086, 20000, 1832, 15365, 10131, 2542, 9759, 20000, 20000, 6104, 20000, 20000, 20000, 1911, 21, 11336, 3036, 3080, 5549, 7, 13, 15914, 3397, 6982, 4780, 20000, 1570, 12685, 20000, 1856, 20000, 9635, 15731, 20000, 10874, 20000, 301, 1803, 20000, 26, 16281, 20000, 20000, 22, 10, 16291, 20000, 488, 7382, 37, 39, 25, 20000, 6027, 40, 2905, 7513, 4737, 12180, 20, 9487, 20000, 7097, 4540, 20000, 20000, 11309, 20000, 3950, 70, 18560, 1658, 4571, 8505, 5940, 23, 11, 28, 22, 11422, 5730, 11216, 10950, 2652, 2151, 38, 19050, 6565, 13375, 6911, 32, 18, 2816, 7, 4987, 26, 14, 20000, 5952, 8815, 19101, 22, 1752, 6265, 21, 4752, 7404, 17, 20000, 11918, 7, 671, 9350, 20000, 3851, 157, 3448, 9011, 7, 4002, 11803, 17956, 20000, 20000, 20000, 10292, 32, 12402, 9540, 1018, 17650, 20000, 1789, 15633, 1399, 13187, 15, 4254, 20000, 18723, 19029, 5398, 20000, 15, 12, 44, 20000, 20000, 14518, 20000, 49, 12, 14873, 62]
2
	8545.041666666666
	7657.110984808863
	58631348.63368055
	[ 3975 20000  1313 16603    15    22 20000    21  5883  3808     8 12054
 16764 13657  1174 18260  8183     7 14277  4897  2705  6660 20000    18
 13075 11078    22    11  2681  2574 12923  2288 12671 14523  6526 16653
 20000    37  5086 20000  1832 15365 10131  2542  9759 20000 20000  6104
 20000 20000 20000  1911    21 11336  3036  3080  5549     7    13 15914
  3397  6982  4780 20000  1570 12685 20000  1856 20000  9635 15731 20000
 10874 20000   301  1803 20000    26 16281 20000 20000    22    10 16291
 20000   488  7382    37    39    25 20000  6027    40  2905  7513  4737
 12180    20  9487 20000  7097  4540 20000 20000 11309 20000  3950    70
 18560  1658  4571  8505  5940    23    11    28    22 11422  5730 11216
 10950  2652  2151    38 19050  6565 13375  6911    32    18  2816     7
  4987    26    14 20000  5952  8815 19101    22  1752  6265    21  4752
  7404    17 20000 11918     7   671  9350 20000  3851   157  3448  9011
     7  4002 11803 17956 20000 20000 20000 10292    32 12402  9540  1018
 17650 20000  1789 15633  1399 13187    15  4254 20000 18723 19029  5398
 20000    15    12    44 20000 20000 14518 20000    49    12 14873    62]
(null): log_init(): Unable to open logfile`/var/log/slurm/slurmd.log': No such file or directory
(null): log_init(): Unable to open logfile`/var/log/slurm/slurmd.log': No such file or directory
[3389, 34, 5182, 13376, 20, 13, 8182, 6796, 7872, 3034, 11, 580, 9087, 10, 4174, 3782, 5506, 9, 16775, 43, 20000, 10842, 24, 20000, 1012, 4570, 69, 10218, 10792, 20000, 164, 3957, 13, 28, 1828, 39, 12, 9120, 57, 7550, 37, 9474, 59, 2346, 4867, 11579, 11, 20, 15228, 20000, 16, 5887, 18, 32, 2475, 25, 19, 5628, 2592, 32, 3225, 20000, 26, 45, 16, 20000, 20000, 20000, 18, 19131, 6335, 16, 9818, 10731, 14, 7867, 5686, 8012, 15, 12, 26, 12794, 20000, 12, 2999, 52, 25, 31, 5217, 30, 1571, 11458, 46, 16, 4798, 17510, 1387, 34, 20000, 7621, 1823, 8286, 32, 8953, 19478, 20000, 36, 12334, 13257, 19948, 22, 20000, 20000, 20000, 345, 12484, 17, 24, 1668, 33, 1293, 1731, 12649, 5673, 15198, 7, 9809, 27, 10762, 20000, 44, 29, 23, 2052, 2160, 47, 20000, 3864, 29, 20000, 2514, 19761, 28, 19, 60, 14537, 20000, 7627, 3463, 20000, 44, 36, 8279, 20000, 9, 6569, 18127, 11636, 20000, 27, 20000, 10181, 6163, 28, 5955, 14831, 10, 34, 2220, 29, 10142, 6, 3702, 58, 26, 16, 11, 15, 6, 24, 237, 27, 14, 13356, 34, 2354, 9250, 10643, 2541, 14, 15, 18]
3
	5905.947916666667
	7131.913425713373
	50864189.111870654
	[ 3389    34  5182 13376    20    13  8182  6796  7872  3034    11   580
  9087    10  4174  3782  5506     9 16775    43 20000 10842    24 20000
  1012  4570    69 10218 10792 20000   164  3957    13    28  1828    39
    12  9120    57  7550    37  9474    59  2346  4867 11579    11    20
 15228 20000    16  5887    18    32  2475    25    19  5628  2592    32
  3225 20000    26    45    16 20000 20000 20000    18 19131  6335    16
  9818 10731    14  7867  5686  8012    15    12    26 12794 20000    12
  2999    52    25    31  5217    30  1571 11458    46    16  4798 17510
  1387    34 20000  7621  1823  8286    32  8953 19478 20000    36 12334
 13257 19948    22 20000 20000 20000   345 12484    17    24  1668    33
  1293  1731 12649  5673 15198     7  9809    27 10762 20000    44    29
    23  2052  2160    47 20000  3864    29 20000  2514 19761    28    19
    60 14537 20000  7627  3463 20000    44    36  8279 20000     9  6569
 18127 11636 20000    27 20000 10181  6163    28  5955 14831    10    34
  2220    29 10142     6  3702    58    26    16    11    15     6    24
   237    27    14 13356    34  2354  9250 10643  2541    14    15    18]
(null): log_init(): Unable to open logfile`/var/log/slurm/slurmd.log': No such file or directory
(null): log_init(): Unable to open logfile`/var/log/slurm/slurmd.log': No such file or directory
[31, 26, 54, 22, 1445, 7438, 1805, 16, 21, 4377, 6367, 2043, 49, 966, 2001, 2288, 4598, 9668, 9, 18055, 16, 20000, 2437, 20, 21, 7463, 1807, 19, 11, 18, 11, 22, 28, 8, 3572, 5332, 20000, 9621, 22, 21, 16, 50, 36, 11123, 9742, 6506, 19554, 1376, 2763, 1910, 27, 31, 15440, 10523, 20000, 23, 18783, 11007, 14, 8931, 4664, 2543, 25, 20, 6385, 9, 52, 641, 4357, 18, 41, 20000, 2489, 16737, 15, 29, 14798, 5943, 2714, 2420, 39, 5, 29, 20000, 11, 43, 3159, 11375, 3682, 27, 27, 31, 12, 31, 7751, 20000, 20000, 3302, 3173, 53, 36, 7519, 9307, 5950, 8, 8111, 18, 5376, 25, 2779, 25, 24, 7531, 43, 7157, 20000, 1162, 21, 23, 59, 20000, 24, 3113, 16, 7, 14, 4938, 10, 15, 3380, 12241, 46, 25, 6866, 52, 38, 42, 1668, 5005, 28, 12, 28, 6240, 7, 15, 12570, 10840, 21, 13, 9114, 17129, 1793, 4790, 26, 473, 31, 6299, 29, 20, 50, 14526, 13992, 2539, 32, 9, 20000, 59, 5511, 7912, 23, 11880, 20000, 2049, 17207, 26, 14985, 28, 13760, 84, 3421, 82, 20000, 5942, 4359, 17, 58, 7415, 20000, 45, 8452, 29, 1553]
4
	4502.239583333333
	6246.503938445609
	39018811.4530165
	[   31    26    54    22  1445  7438  1805    16    21  4377  6367  2043
    49   966  2001  2288  4598  9668     9 18055    16 20000  2437    20
    21  7463  1807    19    11    18    11    22    28     8  3572  5332
 20000  9621    22    21    16    50    36 11123  9742  6506 19554  1376
  2763  1910    27    31 15440 10523 20000    23 18783 11007    14  8931
  4664  2543    25    20  6385     9    52   641  4357    18    41 20000
  2489 16737    15    29 14798  5943  2714  2420    39     5    29 20000
    11    43  3159 11375  3682    27    27    31    12    31  7751 20000
 20000  3302  3173    53    36  7519  9307  5950     8  8111    18  5376
    25  2779    25    24  7531    43  7157 20000  1162    21    23    59
 20000    24  3113    16     7    14  4938    10    15  3380 12241    46
    25  6866    52    38    42  1668  5005    28    12    28  6240     7
    15 12570 10840    21    13  9114 17129  1793  4790    26   473    31
  6299    29    20    50 14526 13992  2539    32     9 20000    59  5511
  7912    23 11880 20000  2049 17207    26 14985    28 13760    84  3421
    82 20000  5942  4359    17    58  7415 20000    45  8452    29  1553]
(null): log_init(): Unable to open logfile`/var/log/slurm/slurmd.log': No such file or directory
(null): log_init(): Unable to open logfile`/var/log/slurm/slurmd.log': No such file or directory
[97, 12102, 40, 20, 16312, 68, 21, 75, 37, 20, 4165, 5537, 6157, 20000, 3, 28, 97, 8, 53, 1524, 32, 2386, 18, 54, 28, 10547, 1225, 20, 23, 64, 7034, 2784, 11, 15, 54, 13882, 102, 5059, 20000, 33, 15905, 26, 66, 37, 25, 4872, 23, 28, 5521, 5874, 3875, 29, 35, 1107, 55, 17, 7570, 10, 20000, 59, 25, 8, 32, 2419, 13, 23, 20000, 25, 6179, 68, 2289, 7609, 29, 15, 15, 7300, 68, 3761, 2818, 14353, 27, 40, 37, 15125, 22, 11, 31, 23, 8692, 14776, 45, 50, 2794, 13, 34, 9, 47, 23, 25, 114, 29, 2799, 3737, 9, 20000, 650, 35, 18263, 36, 82, 7216, 36, 13504, 20000, 63, 4145, 29, 1630, 1102, 20000, 25, 33, 71, 3195, 5179, 1810, 37, 5873, 13, 16, 7337, 8, 29, 67, 11, 35, 26, 5564, 29, 10, 39, 27, 20000, 25, 71, 31, 1786, 1772, 18, 75, 20, 27, 40, 5246, 52, 4676, 106, 39, 3587, 86, 26, 2036, 6456, 61, 42, 610, 28, 16, 33, 6501, 57, 15, 37, 56, 33, 4429, 19, 21, 39, 15316, 13, 33, 55, 3625, 1375, 38, 39, 9719, 10153, 3498, 3642, 20000]
5
	2980.9010416666665
	5373.195697704695
	28871232.005832244
	[   97 12102    40    20 16312    68    21    75    37    20  4165  5537
  6157 20000     3    28    97     8    53  1524    32  2386    18    54
    28 10547  1225    20    23    64  7034  2784    11    15    54 13882
   102  5059 20000    33 15905    26    66    37    25  4872    23    28
  5521  5874  3875    29    35  1107    55    17  7570    10 20000    59
    25     8    32  2419    13    23 20000    25  6179    68  2289  7609
    29    15    15  7300    68  3761  2818 14353    27    40    37 15125
    22    11    31    23  8692 14776    45    50  2794    13    34     9
    47    23    25   114    29  2799  3737     9 20000   650    35 18263
    36    82  7216    36 13504 20000    63  4145    29  1630  1102 20000
    25    33    71  3195  5179  1810    37  5873    13    16  7337     8
    29    67    11    35    26  5564    29    10    39    27 20000    25
    71    31  1786  1772    18    75    20    27    40  5246    52  4676
   106    39  3587    86    26  2036  6456    61    42   610    28    16
    33  6501    57    15    37    56    33  4429    19    21    39 15316
    13    33    55  3625  1375    38    39  9719 10153  3498  3642 20000]
(null): log_init(): Unable to open logfile`/var/log/slurm/slurmd.log': No such file or directory
(null): log_init(): Unable to open logfile`/var/log/slurm/slurmd.log': No such file or directory
[16, 6709, 26, 8054, 2426, 9, 2307, 24, 5535, 34, 20000, 12, 17, 53, 16, 102, 20000, 29, 20, 90, 50, 3703, 72, 2629, 36, 32, 50, 91, 1767, 12, 80, 20000, 4014, 50, 16, 55, 39, 32, 6452, 6042, 5425, 53, 57, 54, 14425, 4413, 10501, 13678, 6651, 61, 10248, 25, 71, 17, 55, 29, 23, 8, 21, 3793, 20, 45, 10, 39, 9345, 2323, 19, 29, 13, 6209, 28, 46, 20000, 38, 32, 4841, 6354, 51, 37, 21, 20000, 40, 60, 20, 54, 55, 20, 2345, 5234, 20000, 15, 20000, 19, 65, 7253, 56, 12845, 35, 1744, 3870, 42, 15, 49, 12, 9, 9126, 48, 20000, 107, 18, 23, 58, 57, 5776, 6313, 14, 52, 18, 22, 8, 9, 9994, 31, 80, 20000, 8899, 48, 18, 48, 15543, 20, 7993, 299, 40, 10683, 7366, 43, 6427, 64, 3451, 43, 9, 9824, 40, 11, 18, 36, 37, 21, 15, 8699, 9, 6900, 26, 39, 45, 9, 24, 25, 62, 1300, 4119, 108, 2368, 14139, 38, 51, 9, 39, 24, 1512, 101, 16740, 27, 20000, 35, 37, 11, 18, 6115, 63, 26, 70, 119, 20000, 30, 29, 17604, 1155, 9856, 18, 9476]
6
	3164.015625
	5615.369348638686
	31532372.92163086
	[   16  6709    26  8054  2426     9  2307    24  5535    34 20000    12
    17    53    16   102 20000    29    20    90    50  3703    72  2629
    36    32    50    91  1767    12    80 20000  4014    50    16    55
    39    32  6452  6042  5425    53    57    54 14425  4413 10501 13678
  6651    61 10248    25    71    17    55    29    23     8    21  3793
    20    45    10    39  9345  2323    19    29    13  6209    28    46
 20000    38    32  4841  6354    51    37    21 20000    40    60    20
    54    55    20  2345  5234 20000    15 20000    19    65  7253    56
 12845    35  1744  3870    42    15    49    12     9  9126    48 20000
   107    18    23    58    57  5776  6313    14    52    18    22     8
     9  9994    31    80 20000  8899    48    18    48 15543    20  7993
   299    40 10683  7366    43  6427    64  3451    43     9  9824    40
    11    18    36    37    21    15  8699     9  6900    26    39    45
     9    24    25    62  1300  4119   108  2368 14139    38    51     9
    39    24  1512   101 16740    27 20000    35    37    11    18  6115
    63    26    70   119 20000    30    29 17604  1155  9856    18  9476]
(null): log_init(): Unable to open logfile`/var/log/slurm/slurmd.log': No such file or directory
(null): log_init(): Unable to open logfile`/var/log/slurm/slurmd.log': No such file or directory
(null): log_init(): Unable to open logfile`/var/log/slurm/slurmd.log': No such file or directory
(null): log_init(): Unable to open logfile`/var/log/slurm/slurmd.log': No such file or directory
[21, 58, 7752, 16, 80, 45, 40, 22, 3242, 48, 24, 19, 23, 10, 73, 28, 11, 2361, 82, 54, 85, 693, 29, 73, 55, 68, 20, 7128, 22, 35, 12, 32, 45, 20, 27, 17, 11, 39, 9390, 20000, 31, 40, 70, 31, 5029, 8837, 24, 45, 20000, 31, 3565, 70, 9564, 22, 43, 5, 3934, 48, 82, 54, 11, 4388, 4930, 6352, 7474, 3931, 46, 20000, 6758, 76, 8467, 38, 2885, 18, 31, 35, 28, 7906, 28, 31, 23, 62, 20000, 40, 3395, 15, 100, 28, 116, 63, 20000, 42, 6187, 124, 11490, 27, 51, 30, 6045, 72, 17692, 60, 26, 64, 1315, 35, 6550, 50, 7500, 4723, 17, 8022, 5247, 40, 9563, 30, 35, 5680, 46, 33, 34, 29, 6, 65, 65, 81, 33, 97, 5699, 14, 18, 5668, 53, 16, 46, 68, 24, 50, 37, 1472, 10645, 32, 54, 7, 43, 36, 26, 35, 21, 41, 96, 2327, 9397, 28, 5986, 713, 26, 27, 35, 2359, 7516, 19332, 6506, 36, 38, 16752, 1327, 12538, 4098, 17, 23, 9, 44, 42, 31, 67, 15, 34, 99, 4723, 39, 27, 23, 47, 5407, 16580, 20000, 14, 28, 21, 3857, 20000]
7
	2584.4010416666665
	4977.081478365668
	24771340.04229058
	[   21    58  7752    16    80    45    40    22  3242    48    24    19
    23    10    73    28    11  2361    82    54    85   693    29    73
    55    68    20  7128    22    35    12    32    45    20    27    17
    11    39  9390 20000    31    40    70    31  5029  8837    24    45
 20000    31  3565    70  9564    22    43     5  3934    48    82    54
    11  4388  4930  6352  7474  3931    46 20000  6758    76  8467    38
  2885    18    31    35    28  7906    28    31    23    62 20000    40
  3395    15   100    28   116    63 20000    42  6187   124 11490    27
    51    30  6045    72 17692    60    26    64  1315    35  6550    50
  7500  4723    17  8022  5247    40  9563    30    35  5680    46    33
    34    29     6    65    65    81    33    97  5699    14    18  5668
    53    16    46    68    24    50    37  1472 10645    32    54     7
    43    36    26    35    21    41    96  2327  9397    28  5986   713
    26    27    35  2359  7516 19332  6506    36    38 16752  1327 12538
  4098    17    23     9    44    42    31    67    15    34    99  4723
    39    27    23    47  5407 16580 20000    14    28    21  3857 20000]
(null): log_init(): Unable to open logfile`/var/log/slurm/slurmd.log': No such file or directory
(null): log_init(): Unable to open logfile`/var/log/slurm/slurmd.log': No such file or directory
[20, 52, 4649, 25, 17, 40, 14988, 32, 70, 94, 1753, 59, 23, 44, 24, 35, 28, 32, 24, 90, 60, 39, 19, 81, 2644, 9005, 1442, 128, 3964, 75, 24, 11865, 19591, 34, 33, 26, 50, 20000, 23, 46, 32, 13392, 64, 5116, 60, 92, 16650, 46, 14, 64, 43, 14, 14, 10, 18, 43, 35, 19, 49, 49, 82, 39, 3700, 45, 36, 20, 13, 5238, 20000, 51, 6343, 48, 18, 45, 63, 5538, 24, 41, 7679, 19, 20, 11226, 33, 47, 9093, 14165, 31, 27, 5927, 19, 20, 95, 31, 23, 97, 31, 20, 50, 4213, 33, 1854, 10941, 5075, 24, 2041, 41, 6929, 19, 49, 2255, 19, 46, 44, 5429, 41, 1626, 16, 11, 46, 72, 32, 85, 9, 48, 18, 41, 956, 42, 59, 20000, 12, 96, 39, 43, 32, 16, 64, 34, 72, 29, 3329, 47, 13, 42, 34, 30, 54, 360, 11, 18, 6304, 43, 19, 81, 49, 53, 54, 45, 24, 20, 4315, 12058, 27, 33, 10511, 12, 26, 8, 67, 9, 12, 81, 121, 14178, 7604, 59, 20, 15, 49, 47, 35, 46, 12345, 6536, 20000, 54, 16, 20, 45, 10, 1533, 2485]
8
	1992.8489583333333
	4484.155101240152
	20107646.971978083
	[   20    52  4649    25    17    40 14988    32    70    94  1753    59
    23    44    24    35    28    32    24    90    60    39    19    81
  2644  9005  1442   128  3964    75    24 11865 19591    34    33    26
    50 20000    23    46    32 13392    64  5116    60    92 16650    46
    14    64    43    14    14    10    18    43    35    19    49    49
    82    39  3700    45    36    20    13  5238 20000    51  6343    48
    18    45    63  5538    24    41  7679    19    20 11226    33    47
  9093 14165    31    27  5927    19    20    95    31    23    97    31
    20    50  4213    33  1854 10941  5075    24  2041    41  6929    19
    49  2255    19    46    44  5429    41  1626    16    11    46    72
    32    85     9    48    18    41   956    42    59 20000    12    96
    39    43    32    16    64    34    72    29  3329    47    13    42
    34    30    54   360    11    18  6304    43    19    81    49    53
    54    45    24    20  4315 12058    27    33 10511    12    26     8
    67     9    12    81   121 14178  7604    59    20    15    49    47
    35    46 12345  6536 20000    54    16    20    45    10  1533  2485]
(null): log_init(): Unable to open logfile`/var/log/slurm/slurmd.log': No such file or directory
(null): log_init(): Unable to open logfile`/var/log/slurm/slurmd.log': No such file or directory
(null): log_init(): Unable to open logfile`/var/log/slurm/slurmd.log': No such file or directory
(null): log_init(): Unable to open logfile`/var/log/slurm/slurmd.log': No such file or directory
[26, 12, 16, 61, 16, 22, 4559, 13, 55, 95, 81, 20000, 65, 14747, 5783, 89, 72, 35, 16, 40, 21, 3496, 32, 5606, 61, 8239, 25, 20, 5866, 126, 51, 16, 44, 39, 38, 97, 86, 26, 43, 162, 16, 56, 23, 2400, 5921, 38, 16, 5, 30, 1539, 29, 21, 17, 15578, 173, 30, 22, 51, 46, 46, 34, 17, 71, 4620, 124, 23, 77, 26, 47, 7, 51, 48, 13, 23, 36, 1802, 82, 17, 11009, 12169, 5990, 38, 20000, 43, 43, 47, 94, 3699, 49, 5253, 18, 13, 8337, 61, 46, 20000, 9325, 23, 4002, 32, 17, 35, 20000, 33, 85, 24, 71, 24, 10, 42, 18, 49, 94, 19, 39, 48, 34, 11953, 29, 5774, 38, 4203, 10548, 4970, 76, 22, 9491, 8, 33, 5893, 13, 17, 51, 3030, 12387, 2206, 64, 11850, 26, 8722, 21, 36, 2731, 583, 29, 67, 20, 64, 63, 59, 10029, 18, 101, 153, 30, 1893, 11745, 10, 15, 45, 2176, 9, 11567, 4804, 103, 125, 55, 3107, 40, 146, 60, 53, 36, 11, 7, 29, 59, 11494, 31, 64, 74, 28, 1279, 1636, 20000, 37, 14191, 5156, 105, 21, 42, 86]
9
	2186.2083333333335
	4538.022304458616
	20593646.43576389
	[   26    12    16    61    16    22  4559    13    55    95    81 20000
    65 14747  5783    89    72    35    16    40    21  3496    32  5606
    61  8239    25    20  5866   126    51    16    44    39    38    97
    86    26    43   162    16    56    23  2400  5921    38    16     5
    30  1539    29    21    17 15578   173    30    22    51    46    46
    34    17    71  4620   124    23    77    26    47     7    51    48
    13    23    36  1802    82    17 11009 12169  5990    38 20000    43
    43    47    94  3699    49  5253    18    13  8337    61    46 20000
  9325    23  4002    32    17    35 20000    33    85    24    71    24
    10    42    18    49    94    19    39    48    34 11953    29  5774
    38  4203 10548  4970    76    22  9491     8    33  5893    13    17
    51  3030 12387  2206    64 11850    26  8722    21    36  2731   583
    29    67    20    64    63    59 10029    18   101   153    30  1893
 11745    10    15    45  2176     9 11567  4804   103   125    55  3107
    40   146    60    53    36    11     7    29    59 11494    31    64
    74    28  1279  1636 20000    37 14191  5156   105    21    42    86]
(null): log_init(): Unable to open logfile`/var/log/slurm/slurmd.log': No such file or directory
(null): log_init(): Unable to open logfile`/var/log/slurm/slurmd.log': No such file or directory
(null): log_init(): Unable to open logfile`/var/log/slurm/slurmd.log': No such file or directory
(null): log_init(): Unable to open logfile`/var/log/slurm/slurmd.log': No such file or directory
[11576, 8045, 36, 39, 87, 56, 40, 30, 34, 4895, 80, 6603, 52, 25, 7564, 22, 19, 50, 143, 8833, 26, 180, 19, 38, 5060, 70, 8736, 52, 6602, 59, 7790, 13167, 31, 14, 67, 21, 10179, 98, 6560, 81, 29, 38, 23, 49, 8977, 20000, 31, 97, 45, 70, 61, 82, 20, 69, 9823, 28, 39, 19, 93, 23, 28, 5690, 21, 142, 13, 39, 76, 37, 79, 42, 42, 33, 2078, 25, 54, 108, 151, 46, 68, 65, 1801, 153, 19, 8038, 28, 29, 16, 64, 47, 150, 65, 24, 54, 12628, 33, 22, 38, 29, 60, 6512, 89, 25, 50, 24, 31, 25, 157, 6649, 20, 102, 76, 28, 31, 4194, 22, 41, 24, 5820, 4105, 17, 18, 41, 120, 122, 33, 45, 2007, 46, 44, 22, 46, 2520, 34, 49, 54, 32, 40, 59, 68, 34, 78, 57, 77, 53, 45, 53, 53, 112, 20, 11, 25, 31, 19, 15, 86, 122, 20, 52, 1497, 55, 18, 99, 24, 32, 37, 64, 74, 67, 22, 101, 111, 35, 25, 2481, 25, 72, 19, 34, 2926, 146, 40, 147, 37, 993, 12488, 36, 5282, 43, 20, 29, 6737, 27]
10
	1286.8645833333333
	3115.802945001335
	9708227.992078993
	[11576  8045    36    39    87    56    40    30    34  4895    80  6603
    52    25  7564    22    19    50   143  8833    26   180    19    38
  5060    70  8736    52  6602    59  7790 13167    31    14    67    21
 10179    98  6560    81    29    38    23    49  8977 20000    31    97
    45    70    61    82    20    69  9823    28    39    19    93    23
    28  5690    21   142    13    39    76    37    79    42    42    33
  2078    25    54   108   151    46    68    65  1801   153    19  8038
    28    29    16    64    47   150    65    24    54 12628    33    22
    38    29    60  6512    89    25    50    24    31    25   157  6649
    20   102    76    28    31  4194    22    41    24  5820  4105    17
    18    41   120   122    33    45  2007    46    44    22    46  2520
    34    49    54    32    40    59    68    34    78    57    77    53
    45    53    53   112    20    11    25    31    19    15    86   122
    20    52  1497    55    18    99    24    32    37    64    74    67
    22   101   111    35    25  2481    25    72    19    34  2926   146
    40   147    37   993 12488    36  5282    43    20    29  6737    27]
(null): log_init(): Unable to open logfile`/var/log/slurm/slurmd.log': No such file or directory
(null): log_init(): Unable to open logfile`/var/log/slurm/slurmd.log': No such file or directory
(null): log_init(): Unable to open logfile`/var/log/slurm/slurmd.log': No such file or directory
(null): log_init(): Unable to open logfile`/var/log/slurm/slurmd.log': No such file or directory
[82, 12, 46, 12, 26, 19, 45, 38, 48, 32, 20000, 16, 19036, 6637, 66, 64, 51, 139, 1794, 79, 104, 5182, 92, 8988, 13, 61, 13, 19, 12, 49, 137, 28, 37, 91, 18, 5904, 25, 445, 15, 109, 24, 65, 29, 37, 33, 30, 28, 93, 34, 56, 83, 90, 51, 50, 29, 74, 18, 56, 65, 51, 9685, 26, 8, 98, 93, 2837, 163, 11, 41, 28, 34, 22, 6289, 77, 11, 38, 47, 5547, 59, 25, 35, 36, 15, 72, 16380, 20000, 56, 36, 16, 52, 66, 27, 6948, 65, 86, 38, 133, 86, 64, 20000, 30, 7982, 53, 34, 179, 2554, 8, 76, 25, 44, 35, 15747, 53, 75, 48, 162, 60, 60, 64, 145, 3055, 85, 93, 94, 65, 57, 74, 19, 15607, 69, 19605, 40, 20000, 43, 3111, 40, 12, 85, 8181, 106, 59, 4729, 81, 20000, 83, 33, 26, 60, 46, 13053, 14, 3786, 21, 130, 59, 1360, 8113, 91, 87, 55, 126, 16, 13, 45, 72, 39, 18172, 113, 121, 43, 18, 68, 36, 43, 11333, 24, 21, 99, 54, 18, 9040, 37, 9483, 7736, 5653, 16, 33, 39, 42, 10376, 43, 18]
11
	1993.1302083333333
	4795.603921032343
	22997816.96742079
	[   82    12    46    12    26    19    45    38    48    32 20000    16
 19036  6637    66    64    51   139  1794    79   104  5182    92  8988
    13    61    13    19    12    49   137    28    37    91    18  5904
    25   445    15   109    24    65    29    37    33    30    28    93
    34    56    83    90    51    50    29    74    18    56    65    51
  9685    26     8    98    93  2837   163    11    41    28    34    22
  6289    77    11    38    47  5547    59    25    35    36    15    72
 16380 20000    56    36    16    52    66    27  6948    65    86    38
   133    86    64 20000    30  7982    53    34   179  2554     8    76
    25    44    35 15747    53    75    48   162    60    60    64   145
  3055    85    93    94    65    57    74    19 15607    69 19605    40
 20000    43  3111    40    12    85  8181   106    59  4729    81 20000
    83    33    26    60    46 13053    14  3786    21   130    59  1360
  8113    91    87    55   126    16    13    45    72    39 18172   113
   121    43    18    68    36    43 11333    24    21    99    54    18
  9040    37  9483  7736  5653    16    33    39    42 10376    43    18]
(null): log_init(): Unable to open logfile`/var/log/slurm/slurmd.log': No such file or directory
(null): log_init(): Unable to open logfile`/var/log/slurm/slurmd.log': No such file or directory
(null): log_init(): Unable to open logfile`/var/log/slurm/slurmd.log': No such file or directory
(null): log_init(): Unable to open logfile`/var/log/slurm/slurmd.log': No such file or directory
(null): log_init(): Unable to open logfile`/var/log/slurm/slurmd.log': No such file or directory
(null): log_init(): Unable to open logfile`/var/log/slurm/slurmd.log': No such file or directory
[104, 11, 38, 155, 53, 24, 15, 66, 2346, 48, 62, 2528, 2991, 6, 27, 47, 2552, 20, 32, 42, 55, 20000, 5289, 179, 35, 10465, 23, 44, 61, 81, 32, 18, 19777, 116, 34, 55, 64, 38, 41, 29, 27, 101, 43, 13985, 12, 3015, 58, 84, 37, 200, 58, 49, 87, 34, 24, 28, 59, 39, 53, 74, 57, 4147, 64, 49, 14, 98, 157, 4383, 1347, 40, 91, 30, 78, 131, 20, 23, 52, 5235, 17, 28, 37, 1867, 21, 17, 17964, 15, 74, 94, 97, 34, 63, 18, 11857, 8, 29, 7498, 86, 46, 97, 42, 51, 31, 95, 11, 70, 47, 1873, 39, 107, 25, 26, 114, 11, 80, 9839, 44, 9903, 64, 12630, 56, 30, 16, 11859, 8, 65, 46, 99, 67, 70, 19768, 76, 71, 96, 77, 48, 118, 9245, 41, 11188, 21, 44, 54, 54, 246, 35, 10, 13, 45, 19, 61, 57, 47, 33, 24, 88, 7, 25, 105, 83, 84, 47, 52, 97, 62, 42, 72, 79, 128, 112, 64, 190, 96, 16, 19525, 6985, 4020, 103, 100, 53, 9197, 45, 28, 6155, 79, 92, 14490, 2453, 7958, 37, 3799, 47, 63]
12
	1600.2083333333333
	4095.684880956691
	16774634.644097224
	[  104    11    38   155    53    24    15    66  2346    48    62  2528
  2991     6    27    47  2552    20    32    42    55 20000  5289   179
    35 10465    23    44    61    81    32    18 19777   116    34    55
    64    38    41    29    27   101    43 13985    12  3015    58    84
    37   200    58    49    87    34    24    28    59    39    53    74
    57  4147    64    49    14    98   157  4383  1347    40    91    30
    78   131    20    23    52  5235    17    28    37  1867    21    17
 17964    15    74    94    97    34    63    18 11857     8    29  7498
    86    46    97    42    51    31    95    11    70    47  1873    39
   107    25    26   114    11    80  9839    44  9903    64 12630    56
    30    16 11859     8    65    46    99    67    70 19768    76    71
    96    77    48   118  9245    41 11188    21    44    54    54   246
    35    10    13    45    19    61    57    47    33    24    88     7
    25   105    83    84    47    52    97    62    42    72    79   128
   112    64   190    96    16 19525  6985  4020   103   100    53  9197
    45    28  6155    79    92 14490  2453  7958    37  3799    47    63]
(null): log_init(): Unable to open logfile`/var/log/slurm/slurmd.log': No such file or directory
(null): log_init(): Unable to open logfile`/var/log/slurm/slurmd.log': No such file or directory
(null): log_init(): Unable to open logfile`/var/log/slurm/slurmd.log': No such file or directory
(null): log_init(): Unable to open logfile`/var/log/slurm/slurmd.log': No such file or directory
[168, 35, 29, 32, 7042, 18, 12237, 49, 31, 41, 18, 20, 9349, 43, 36, 65, 36, 3024, 316, 79, 73, 17064, 10630, 39, 49, 52, 6484, 24, 84, 95, 45, 199, 9333, 20, 73, 15366, 139, 27, 69, 123, 68, 24, 73, 149, 81, 79, 12913, 34, 156, 3394, 55, 19, 49, 20000, 40, 17, 46, 11148, 41, 56, 79, 47, 19, 95, 17, 4439, 49, 68, 26, 4421, 84, 47, 49, 64, 44, 76, 64, 57, 24, 262, 40, 112, 59, 79, 16, 180, 84, 66, 64, 18, 95, 3861, 63, 20, 122, 17, 12988, 31, 47, 54, 16172, 54, 51, 162, 138, 23, 34, 51, 27, 34, 22, 83, 4470, 24, 60, 89, 51, 51, 48, 110, 72, 106, 25, 53, 93, 11987, 12204, 66, 3803, 63, 77, 39, 44, 24, 46, 102, 56, 52, 123, 18, 90, 23, 21, 33, 24, 11, 136, 1973, 8439, 63, 117, 47, 50, 33, 28, 29, 61, 43, 194, 109, 21, 29, 32, 73, 49, 22, 125, 21, 74, 117, 46, 78, 35, 95, 11103, 18, 89, 77, 20000, 28, 4831, 11, 7, 38, 10600, 73, 53, 142, 86, 7785, 111, 29]
13
	1496.7395833333333
	3916.3657772140177
	15337920.900933156
	[  168    35    29    32  7042    18 12237    49    31    41    18    20
  9349    43    36    65    36  3024   316    79    73 17064 10630    39
    49    52  6484    24    84    95    45   199  9333    20    73 15366
   139    27    69   123    68    24    73   149    81    79 12913    34
   156  3394    55    19    49 20000    40    17    46 11148    41    56
    79    47    19    95    17  4439    49    68    26  4421    84    47
    49    64    44    76    64    57    24   262    40   112    59    79
    16   180    84    66    64    18    95  3861    63    20   122    17
 12988    31    47    54 16172    54    51   162   138    23    34    51
    27    34    22    83  4470    24    60    89    51    51    48   110
    72   106    25    53    93 11987 12204    66  3803    63    77    39
    44    24    46   102    56    52   123    18    90    23    21    33
    24    11   136  1973  8439    63   117    47    50    33    28    29
    61    43   194   109    21    29    32    73    49    22   125    21
    74   117    46    78    35    95 11103    18    89    77 20000    28
  4831    11     7    38 10600    73    53   142    86  7785   111    29]
(null): log_init(): Unable to open logfile`/var/log/slurm/slurmd.log': No such file or directory
(null): log_init(): Unable to open logfile`/var/log/slurm/slurmd.log': No such file or directory
(null): log_init(): Unable to open logfile`/var/log/slurm/slurmd.log': No such file or directory
(null): log_init(): Unable to open logfile`/var/log/slurm/slurmd.log': No such file or directory
[36, 40, 35, 89, 41, 50, 31, 113, 2561, 62, 53, 105, 4924, 64, 24, 48, 2708, 85, 56, 40, 3430, 103, 50, 93, 30, 58, 85, 185, 93, 168, 172, 221, 159, 20, 86, 58, 7463, 46, 70, 5337, 38, 88, 67, 34, 43, 24, 47, 69, 84, 24, 101, 62, 94, 11430, 2136, 27, 13186, 161, 43, 79, 64, 12310, 91, 32, 98, 141, 46, 18, 49, 28, 62, 63, 115, 66, 38, 20, 33, 10, 17, 149, 82, 35, 45, 63, 31, 24, 1687, 49, 70, 119, 14, 53, 34, 24, 6623, 98, 26, 27, 6366, 31, 71, 75, 32, 25, 64, 34, 21, 26, 203, 60, 3317, 16897, 83, 11, 52, 20000, 19088, 41, 301, 59, 86, 34, 35, 53, 16, 128, 67, 30, 31, 50, 18526, 24, 49, 57, 45, 45, 103, 84, 93, 48, 37, 68, 67, 38, 29, 29, 39, 93, 90, 12, 39, 99, 32, 133, 21, 68, 82, 63, 34, 52, 65, 111, 129, 3881, 25, 115, 41, 30, 38, 35, 58, 71, 37, 36, 132, 8, 34, 12959, 70, 13298, 35, 82, 14, 51, 27, 48, 13296, 10406, 62, 44, 96, 17]
14
	1158.4375
	3589.7935650735894
	12886617.83984375
	[   36    40    35    89    41    50    31   113  2561    62    53   105
  4924    64    24    48  2708    85    56    40  3430   103    50    93
    30    58    85   185    93   168   172   221   159    20    86    58
  7463    46    70  5337    38    88    67    34    43    24    47    69
    84    24   101    62    94 11430  2136    27 13186   161    43    79
    64 12310    91    32    98   141    46    18    49    28    62    63
   115    66    38    20    33    10    17   149    82    35    45    63
    31    24  1687    49    70   119    14    53    34    24  6623    98
    26    27  6366    31    71    75    32    25    64    34    21    26
   203    60  3317 16897    83    11    52 20000 19088    41   301    59
    86    34    35    53    16   128    67    30    31    50 18526    24
    49    57    45    45   103    84    93    48    37    68    67    38
    29    29    39    93    90    12    39    99    32   133    21    68
    82    63    34    52    65   111   129  3881    25   115    41    30
    38    35    58    71    37    36   132     8    34 12959    70 13298
    35    82    14    51    27    48 13296 10406    62    44    96    17]
