(null): log_init(): Unable to open logfile`/var/log/slurm/slurmd.log': No such file or directory
(null): log_init(): Unable to open logfile`/var/log/slurm/slurmd.log': No such file or directory
[1877, 411, 688, 466, 485, 474, 2911, 1518, 425, 4, 2411, 12, 525, 15, 9, 191, 6, 1124, 1857, 1005, 11, 398, 5527, 10, 898, 4063, 1757, 2828, 7, 1440, 8, 2144, 586, 2968, 7736, 12551, 5, 564, 478, 1164, 1683, 304, 1660, 9, 1680, 1142, 6, 732, 929, 7, 435, 3022, 2129, 2714, 6352, 1474, 3631, 3891, 891, 1788, 13, 8, 4211, 6, 1308, 7, 15, 734, 8, 1140, 2202, 685, 1162, 7, 1128, 1196, 245, 1357, 1366, 409, 886, 10, 931, 354, 5, 579, 15, 9, 3858, 1737, 1920, 864, 945, 7, 5, 6, 9, 5, 827, 9, 210, 814, 1762, 339, 3565, 7869, 1137, 11, 4, 1009, 6, 1806, 1002, 6230, 2279, 12, 890, 311, 7369, 3603, 9013, 828, 2909, 122, 683, 1568, 1266, 1236, 3341, 1434, 6561, 610, 2274, 1615, 315, 8, 13, 1000, 1106, 9, 7, 487, 2259, 520, 13, 2917, 953, 9884, 1622, 317, 4, 511, 2131, 474, 1364, 1278, 10, 676, 2101, 17, 1884, 3, 3620, 4937, 22, 9, 4, 981, 7, 490, 995, 1299, 238, 1257, 1652, 1592, 8, 1521, 210, 1822, 5507, 640, 827, 2647, 1820, 1566, 2652, 3374, 3701, 3470, 264, 4]
2
	1452.765625
	1936.1651483090725
	3748735.481526693
	[ 1877   411   688   466   485   474  2911  1518   425     4  2411    12
   525    15     9   191     6  1124  1857  1005    11   398  5527    10
   898  4063  1757  2828     7  1440     8  2144   586  2968  7736 12551
     5   564   478  1164  1683   304  1660     9  1680  1142     6   732
   929     7   435  3022  2129  2714  6352  1474  3631  3891   891  1788
    13     8  4211     6  1308     7    15   734     8  1140  2202   685
  1162     7  1128  1196   245  1357  1366   409   886    10   931   354
     5   579    15     9  3858  1737  1920   864   945     7     5     6
     9     5   827     9   210   814  1762   339  3565  7869  1137    11
     4  1009     6  1806  1002  6230  2279    12   890   311  7369  3603
  9013   828  2909   122   683  1568  1266  1236  3341  1434  6561   610
  2274  1615   315     8    13  1000  1106     9     7   487  2259   520
    13  2917   953  9884  1622   317     4   511  2131   474  1364  1278
    10   676  2101    17  1884     3  3620  4937    22     9     4   981
     7   490   995  1299   238  1257  1652  1592     8  1521   210  1822
  5507   640   827  2647  1820  1566  2652  3374  3701  3470   264     4]
[5, 3155, 773, 1465, 10, 5365, 10, 253, 171, 265, 5, 663, 178, 5, 528, 1187, 251, 7, 1673, 432, 623, 9, 12, 7, 585, 448, 4, 1651, 252, 6, 702, 11, 6, 11, 4, 236, 1132, 2176, 3369, 331, 771, 1606, 8, 1363, 11, 642, 530, 466, 761, 16, 8, 358, 708, 9, 113, 6, 6, 273, 3, 7, 7, 679, 1007, 505, 8, 5, 1337, 5, 1013, 8, 1767, 530, 5, 6, 8, 6, 1885, 463, 10, 5, 143, 8, 1486, 252, 1025, 468, 468, 15, 6, 867, 5, 1741, 13, 15, 1206, 11, 5, 222, 7, 494, 876, 9, 1033, 6, 11, 2903, 274, 1247, 455, 11, 997, 8, 162, 7, 878, 8, 194, 4, 10, 5592, 8, 6, 12, 12, 597, 571, 8, 8, 8, 255, 708, 281, 7, 17, 590, 2689, 7, 1042, 5, 1043, 468, 4, 17, 997, 208, 312, 4, 12, 2147, 489, 12, 1533, 4, 2, 8, 321, 21, 859, 8, 762, 14, 1147, 5, 7, 1539, 6, 5, 713, 7, 2463, 8, 1480, 8, 922, 6, 12, 3554, 6, 637, 275, 8, 465, 568, 262, 763, 10, 7, 14, 6, 519, 615, 9]
3
	521.6875
	851.2084218002956
	724555.77734375
	[   5 3155  773 1465   10 5365   10  253  171  265    5  663  178    5
  528 1187  251    7 1673  432  623    9   12    7  585  448    4 1651
  252    6  702   11    6   11    4  236 1132 2176 3369  331  771 1606
    8 1363   11  642  530  466  761   16    8  358  708    9  113    6
    6  273    3    7    7  679 1007  505    8    5 1337    5 1013    8
 1767  530    5    6    8    6 1885  463   10    5  143    8 1486  252
 1025  468  468   15    6  867    5 1741   13   15 1206   11    5  222
    7  494  876    9 1033    6   11 2903  274 1247  455   11  997    8
  162    7  878    8  194    4   10 5592    8    6   12   12  597  571
    8    8    8  255  708  281    7   17  590 2689    7 1042    5 1043
  468    4   17  997  208  312    4   12 2147  489   12 1533    4    2
    8  321   21  859    8  762   14 1147    5    7 1539    6    5  713
    7 2463    8 1480    8  922    6   12 3554    6  637  275    8  465
  568  262  763   10    7   14    6  519  615    9]
(null): log_init(): Unable to open logfile`/var/log/slurm/slurmd.log': No such file or directory
(null): log_init(): Unable to open logfile`/var/log/slurm/slurmd.log': No such file or directory
[5, 9, 6, 531, 5, 431, 379, 5, 281, 333, 10, 7, 281, 10, 654, 12, 7, 7, 8, 123, 1361, 8, 4, 8, 6, 255, 7, 7, 10, 8, 306, 10, 3, 6, 2987, 2, 295, 6, 5, 785, 552, 6, 2, 4, 8, 6, 1888, 8, 243, 7, 8, 683, 8563, 182, 4, 10, 8, 8, 248, 485, 251, 264, 10, 267, 11, 1077, 4, 594, 226, 6, 171, 67, 468, 9, 7, 3313, 151, 6, 11, 8, 5, 12, 20, 398, 598, 4, 4, 142, 389, 6, 8, 1444, 7, 1005, 919, 261, 418, 638, 1172, 2239, 8, 3, 1020, 7, 443, 5, 755, 205, 1323, 5, 314, 442, 390, 946, 219, 5, 556, 7, 6, 9, 646, 11, 1045, 1011, 4, 9, 341, 906, 12, 8, 8, 363, 679, 446, 7, 555, 326, 1065, 6, 6, 8, 8, 13, 7, 11, 10, 9, 14, 103, 314, 10, 554, 8, 3, 438, 743, 926, 10, 8, 8, 638, 305, 7, 6, 249, 14, 7, 10, 505, 8, 6, 7, 489, 6, 214, 277, 549, 392, 6, 7, 14, 438, 4, 6, 8, 6, 8, 8, 5, 747, 7, 635]
4
	320.9947916666667
	763.1693885356469
	582427.5155978733
	[   5    9    6  531    5  431  379    5  281  333   10    7  281   10
  654   12    7    7    8  123 1361    8    4    8    6  255    7    7
   10    8  306   10    3    6 2987    2  295    6    5  785  552    6
    2    4    8    6 1888    8  243    7    8  683 8563  182    4   10
    8    8  248  485  251  264   10  267   11 1077    4  594  226    6
  171   67  468    9    7 3313  151    6   11    8    5   12   20  398
  598    4    4  142  389    6    8 1444    7 1005  919  261  418  638
 1172 2239    8    3 1020    7  443    5  755  205 1323    5  314  442
  390  946  219    5  556    7    6    9  646   11 1045 1011    4    9
  341  906   12    8    8  363  679  446    7  555  326 1065    6    6
    8    8   13    7   11   10    9   14  103  314   10  554    8    3
  438  743  926   10    8    8  638  305    7    6  249   14    7   10
  505    8    6    7  489    6  214  277  549  392    6    7   14  438
    4    6    8    6    8    8    5  747    7  635]
(null): log_init(): Unable to open logfile`/var/log/slurm/slurmd.log': No such file or directory
(null): log_init(): Unable to open logfile`/var/log/slurm/slurmd.log': No such file or directory
[240, 3, 1399, 7, 6, 5, 10, 6, 439, 5, 9, 319, 4, 5, 8, 2, 9, 565, 788, 10, 616, 7, 7, 518, 578, 13, 873, 10, 11, 4, 7, 9, 11, 439, 6, 8, 6, 625, 5, 5, 539, 11, 6, 6, 7, 271, 8, 9, 4, 10, 1329, 6, 9, 5, 9, 146, 691, 9, 10, 7, 6, 126, 740, 271, 6, 5, 456, 10, 15, 6, 3, 6, 8, 3, 253, 7, 395, 379, 441, 11, 801, 816, 10, 289, 7, 909, 8, 537, 4, 256, 265, 824, 9, 8, 345, 348, 308, 353, 8, 210, 122, 2536, 7, 7, 1, 82, 5, 1437, 235, 7, 6, 888, 5, 7, 7, 8, 4, 9, 8, 11, 4, 242, 8, 5, 4, 2192, 498, 5, 6, 10, 6, 5, 15, 5, 167, 334, 6, 240, 8, 6, 4, 4, 372, 9, 13, 26, 382, 396, 5, 6, 5, 6, 7, 449, 840, 765, 10, 4, 6, 8, 5, 9, 6, 4, 5, 35, 8, 5, 552, 240, 14, 198, 5, 5, 5, 160, 7, 8, 6, 4, 10, 6, 5, 6, 11, 5, 11, 318, 5, 8, 3, 7]
5
	178.65625
	356.81993381714375
	127320.46516927083
	[ 240    3 1399    7    6    5   10    6  439    5    9  319    4    5
    8    2    9  565  788   10  616    7    7  518  578   13  873   10
   11    4    7    9   11  439    6    8    6  625    5    5  539   11
    6    6    7  271    8    9    4   10 1329    6    9    5    9  146
  691    9   10    7    6  126  740  271    6    5  456   10   15    6
    3    6    8    3  253    7  395  379  441   11  801  816   10  289
    7  909    8  537    4  256  265  824    9    8  345  348  308  353
    8  210  122 2536    7    7    1   82    5 1437  235    7    6  888
    5    7    7    8    4    9    8   11    4  242    8    5    4 2192
  498    5    6   10    6    5   15    5  167  334    6  240    8    6
    4    4  372    9   13   26  382  396    5    6    5    6    7  449
  840  765   10    4    6    8    5    9    6    4    5   35    8    5
  552  240   14  198    5    5    5  160    7    8    6    4   10    6
    5    6   11    5   11  318    5    8    3    7]
(null): log_init(): Unable to open logfile`/var/log/slurm/slurmd.log': No such file or directory
(null): log_init(): Unable to open logfile`/var/log/slurm/slurmd.log': No such file or directory
[8789, 7, 7, 1783, 7, 9, 474, 7, 7, 304, 6, 11, 9, 7, 4, 3, 6, 3, 314, 4, 7, 7, 616, 10, 8, 9, 11, 422, 292, 6, 5, 6, 10, 6, 9, 406, 7, 185, 12, 7, 3, 4, 130, 7, 740, 6, 3, 7, 659, 263, 405, 309, 7, 4, 518, 6, 9, 6, 7, 283, 24, 5, 10, 6, 7, 12, 8, 1435, 6, 345, 5, 187, 5, 6, 378, 20, 8, 3, 6, 5, 5, 611, 8, 7, 6, 14, 10, 12, 9, 607, 5, 5, 5, 210, 7, 6, 5, 2, 9, 9, 4, 694, 651, 113, 315, 9, 6, 7, 4, 3, 4, 5, 4, 5, 6, 8, 139, 8, 309, 404, 8, 233, 9, 8, 256, 6, 5, 10, 10, 1351, 16, 16, 146, 4, 5, 7, 3, 269, 6, 7, 6, 6, 6, 6, 6, 6, 8, 232, 299, 5, 4, 8, 6, 10, 6, 9, 4, 4, 399, 5, 233, 701, 128, 10, 4, 8, 658, 457, 6, 4, 3, 8, 10, 12, 4, 7, 24, 365, 5, 371, 294, 266, 5, 5, 8, 4, 464, 1049, 55, 6, 6, 5]
6
	169.29166666666666
	675.4404414384406
	456219.7899305555
	[8789    7    7 1783    7    9  474    7    7  304    6   11    9    7
    4    3    6    3  314    4    7    7  616   10    8    9   11  422
  292    6    5    6   10    6    9  406    7  185   12    7    3    4
  130    7  740    6    3    7  659  263  405  309    7    4  518    6
    9    6    7  283   24    5   10    6    7   12    8 1435    6  345
    5  187    5    6  378   20    8    3    6    5    5  611    8    7
    6   14   10   12    9  607    5    5    5  210    7    6    5    2
    9    9    4  694  651  113  315    9    6    7    4    3    4    5
    4    5    6    8  139    8  309  404    8  233    9    8  256    6
    5   10   10 1351   16   16  146    4    5    7    3  269    6    7
    6    6    6    6    6    6    8  232  299    5    4    8    6   10
    6    9    4    4  399    5  233  701  128   10    4    8  658  457
    6    4    3    8   10   12    4    7   24  365    5  371  294  266
    5    5    8    4  464 1049   55    6    6    5]
(null): log_init(): Unable to open logfile`/var/log/slurm/slurmd.log': No such file or directory
(null): log_init(): Unable to open logfile`/var/log/slurm/slurmd.log': No such file or directory
(null): log_init(): Unable to open logfile`/var/log/slurm/slurmd.log': No such file or directory
(null): log_init(): Unable to open logfile`/var/log/slurm/slurmd.log': No such file or directory
[534, 14, 10, 6, 12, 7, 8, 8, 230, 8, 5, 6, 366, 8, 9, 9, 11, 9, 7, 5, 9, 6, 6, 292, 10, 5, 14, 14, 8, 11, 12, 7, 7, 11, 5, 8, 5, 6, 4, 6, 404, 6, 8, 5, 7, 13, 456, 16, 6, 8, 6, 8, 6, 7, 5, 5, 181, 6, 8, 8, 8, 5, 5, 5, 6, 1378, 9, 277, 603, 492, 7, 13, 354, 6, 5, 436, 433, 8, 4, 215, 8, 134, 5, 7, 421, 693, 6, 7, 5, 5, 3, 5, 8, 13, 16, 393, 9, 7, 679, 12, 6, 606, 9, 197, 3, 245, 12, 6, 7, 5, 5, 6, 6, 5, 5, 8, 10, 3, 8, 92, 6, 9, 284, 14, 6, 2, 368, 7, 10, 20, 8, 612, 6, 6, 8, 359, 5, 3, 7, 4, 149, 14, 6, 8, 7, 8, 6, 854, 435, 12, 7, 8, 370, 8, 6, 351, 7, 8, 9, 387, 4, 8, 434, 11, 6, 6, 7, 4, 10, 9, 3, 9, 4, 6, 9, 7, 4, 8, 700, 5, 6, 5, 5, 4, 7, 413, 6, 9, 5, 605, 312, 6]
7
	93.109375
	198.75438547474295
	39503.30574544271
	[ 534   14   10    6   12    7    8    8  230    8    5    6  366    8
    9    9   11    9    7    5    9    6    6  292   10    5   14   14
    8   11   12    7    7   11    5    8    5    6    4    6  404    6
    8    5    7   13  456   16    6    8    6    8    6    7    5    5
  181    6    8    8    8    5    5    5    6 1378    9  277  603  492
    7   13  354    6    5  436  433    8    4  215    8  134    5    7
  421  693    6    7    5    5    3    5    8   13   16  393    9    7
  679   12    6  606    9  197    3  245   12    6    7    5    5    6
    6    5    5    8   10    3    8   92    6    9  284   14    6    2
  368    7   10   20    8  612    6    6    8  359    5    3    7    4
  149   14    6    8    7    8    6  854  435   12    7    8  370    8
    6  351    7    8    9  387    4    8  434   11    6    6    7    4
   10    9    3    9    4    6    9    7    4    8  700    5    6    5
    5    4    7  413    6    9    5  605  312    6]
(null): log_init(): Unable to open logfile`/var/log/slurm/slurmd.log': No such file or directory
(null): log_init(): Unable to open logfile`/var/log/slurm/slurmd.log': No such file or directory
[5, 10, 6, 8, 480, 4, 5, 6, 2, 5, 287, 3, 3, 6, 9, 481, 15, 3, 550, 13, 8, 4, 8, 208, 128, 8, 315, 4, 7, 5, 9, 7, 7, 246, 8, 147, 8, 5, 9, 4, 507, 7, 5, 472, 5, 114, 6, 8, 252, 3, 9, 5, 6, 7, 4, 3, 14, 8, 6, 9, 211, 9, 7, 5, 5, 5, 7, 5, 548, 3, 8, 9, 6, 202, 7, 7, 8, 6, 7, 9, 7, 542, 12, 6, 46, 5, 5, 5, 7, 8, 7, 232, 6, 5, 4, 4, 10, 328, 7, 7, 4, 7, 3, 7, 6, 180, 7, 4, 3, 9, 404, 302, 1, 7, 579, 7, 6, 7, 155, 470, 577, 6, 10, 6, 2, 19, 6, 4, 189, 115, 7, 588, 5, 51, 8, 15, 1940, 8, 5, 9, 10, 9, 196, 8, 6, 6, 6, 3198, 4, 6, 263, 5, 4, 8, 2, 3, 531, 7, 56, 449, 5, 144, 8, 6, 6, 9, 6, 7, 7, 364, 5, 8, 8, 778, 6, 7, 6, 7, 5, 5, 8, 6, 8, 9, 5, 9, 9, 9, 7, 5, 63, 201]
8
	99.34375
	302.6330054746246
	91586.73600260417
	[   5   10    6    8  480    4    5    6    2    5  287    3    3    6
    9  481   15    3  550   13    8    4    8  208  128    8  315    4
    7    5    9    7    7  246    8  147    8    5    9    4  507    7
    5  472    5  114    6    8  252    3    9    5    6    7    4    3
   14    8    6    9  211    9    7    5    5    5    7    5  548    3
    8    9    6  202    7    7    8    6    7    9    7  542   12    6
   46    5    5    5    7    8    7  232    6    5    4    4   10  328
    7    7    4    7    3    7    6  180    7    4    3    9  404  302
    1    7  579    7    6    7  155  470  577    6   10    6    2   19
    6    4  189  115    7  588    5   51    8   15 1940    8    5    9
   10    9  196    8    6    6    6 3198    4    6  263    5    4    8
    2    3  531    7   56  449    5  144    8    6    6    9    6    7
    7  364    5    8    8  778    6    7    6    7    5    5    8    6
    8    9    5    9    9    9    7    5   63  201]
(null): log_init(): Unable to open logfile`/var/log/slurm/slurmd.log': No such file or directory
(null): log_init(): Unable to open logfile`/var/log/slurm/slurmd.log': No such file or directory
(null): log_init(): Unable to open logfile`/var/log/slurm/slurmd.log': No such file or directory
(null): log_init(): Unable to open logfile`/var/log/slurm/slurmd.log': No such file or directory
[4, 8, 8, 5, 7, 5, 9, 6, 2, 3, 11, 8, 257, 4, 7, 297, 8, 203, 12, 7, 306, 8, 7, 14, 1, 254, 11, 10, 428, 308, 209, 5, 4, 8, 9, 6, 7, 4, 8, 8, 1368, 520, 5, 4, 7, 3, 157, 21, 4, 189, 2, 4, 11, 7, 5, 8, 2, 9, 4, 8, 7, 358, 8, 7, 10, 5, 234, 5, 3, 7, 8, 279, 7, 1076, 5, 10, 738, 382, 7, 9, 5, 6, 7, 6, 5, 9, 10, 6, 7, 12, 9, 8, 131, 7, 6, 234, 8, 5, 7, 8, 5, 4, 5, 5, 7, 7, 362, 5, 7, 9, 191, 7, 7, 7, 7, 9, 9, 9, 349, 355, 265, 348, 9, 1, 6, 8, 9, 287, 4, 5, 7, 7, 5, 8, 5, 5, 10, 5, 4, 3, 5, 9, 1593, 5, 5, 265, 11, 3, 7, 5, 4, 8, 6, 7, 502, 8, 152, 3, 6, 6, 2, 7, 328, 8, 2, 4, 5, 949, 6, 7, 110, 5, 7, 7, 7, 11, 6, 4, 6, 5, 5, 5, 10, 8, 13, 89, 10, 5, 7, 8, 7, 7]
9
	78.76041666666667
	210.1075986643345
	44145.203016493055
	[   4    8    8    5    7    5    9    6    2    3   11    8  257    4
    7  297    8  203   12    7  306    8    7   14    1  254   11   10
  428  308  209    5    4    8    9    6    7    4    8    8 1368  520
    5    4    7    3  157   21    4  189    2    4   11    7    5    8
    2    9    4    8    7  358    8    7   10    5  234    5    3    7
    8  279    7 1076    5   10  738  382    7    9    5    6    7    6
    5    9   10    6    7   12    9    8  131    7    6  234    8    5
    7    8    5    4    5    5    7    7  362    5    7    9  191    7
    7    7    7    9    9    9  349  355  265  348    9    1    6    8
    9  287    4    5    7    7    5    8    5    5   10    5    4    3
    5    9 1593    5    5  265   11    3    7    5    4    8    6    7
  502    8  152    3    6    6    2    7  328    8    2    4    5  949
    6    7  110    5    7    7    7   11    6    4    6    5    5    5
   10    8   13   89   10    5    7    8    7    7]
(null): log_init(): Unable to open logfile`/var/log/slurm/slurmd.log': No such file or directory
(null): log_init(): Unable to open logfile`/var/log/slurm/slurmd.log': No such file or directory
(null): log_init(): Unable to open logfile`/var/log/slurm/slurmd.log': No such file or directory
(null): log_init(): Unable to open logfile`/var/log/slurm/slurmd.log': No such file or directory
[5, 8, 6, 8, 10, 271, 10, 117, 156, 6, 6, 285, 5, 7, 8, 6, 8, 11, 68, 407, 5, 8, 7, 9, 9, 6, 7, 5, 10, 8, 328, 6, 2, 4, 5, 4, 171, 9, 7, 350, 7, 220, 7, 4, 5, 8, 6, 8, 8, 5, 7, 9, 7, 8, 8, 5, 5, 7, 6, 5, 10, 8, 10, 6, 3, 347, 280, 449, 6, 7, 12, 2, 6, 6, 5, 7, 107, 2, 7, 7, 11, 5, 7, 5, 5, 7, 6, 4, 399, 8, 7, 5, 4, 7, 8, 7, 4, 6, 15, 6, 5, 10, 5, 9, 4, 5, 6, 5, 12, 4, 6, 4, 3, 4, 9, 6, 7, 5, 5, 6, 8, 6, 58, 5, 8, 5, 5, 5, 4, 6, 9, 7, 8, 8, 5, 6, 6, 5, 202, 7, 7, 3, 6, 6, 8, 229, 9, 6, 3, 16, 17, 7, 10, 9, 373, 6, 5, 7, 4, 8, 4, 5, 6, 9, 4, 7, 7, 6, 7, 635, 7, 8, 6, 323, 6, 5, 377, 4, 7, 7, 7, 9, 8, 7, 9, 6, 3, 5, 7, 5, 9, 171]
10
	38.770833333333336
	98.85089562554414
	9771.49956597222
	[  5   8   6   8  10 271  10 117 156   6   6 285   5   7   8   6   8  11
  68 407   5   8   7   9   9   6   7   5  10   8 328   6   2   4   5   4
 171   9   7 350   7 220   7   4   5   8   6   8   8   5   7   9   7   8
   8   5   5   7   6   5  10   8  10   6   3 347 280 449   6   7  12   2
   6   6   5   7 107   2   7   7  11   5   7   5   5   7   6   4 399   8
   7   5   4   7   8   7   4   6  15   6   5  10   5   9   4   5   6   5
  12   4   6   4   3   4   9   6   7   5   5   6   8   6  58   5   8   5
   5   5   4   6   9   7   8   8   5   6   6   5 202   7   7   3   6   6
   8 229   9   6   3  16  17   7  10   9 373   6   5   7   4   8   4   5
   6   9   4   7   7   6   7 635   7   8   6 323   6   5 377   4   7   7
   7   9   8   7   9   6   3   5   7   5   9 171]
(null): log_init(): Unable to open logfile`/var/log/slurm/slurmd.log': No such file or directory
(null): log_init(): Unable to open logfile`/var/log/slurm/slurmd.log': No such file or directory
[5, 5, 12, 5, 7, 4, 11, 4, 5, 5, 4, 5, 3, 105, 4, 5, 6, 10, 341, 8, 3, 2, 5, 4, 5, 6, 7, 7, 7, 6, 8, 8, 4, 7, 4, 221, 10, 5, 4, 7, 7, 8, 4, 5, 6, 8, 4, 8, 9, 6, 6, 4, 3, 5, 208, 5, 5, 6, 6, 5, 12, 12, 346, 5, 11, 8, 5, 6, 616, 4, 11, 5, 9, 6, 11, 6, 5, 5, 6, 5, 2, 5, 5, 8, 5, 7, 5, 8, 7, 9, 5, 12, 6, 6, 12, 7, 7, 8, 10, 6, 6, 5, 5, 7, 5, 5, 7, 4, 9, 9, 1, 238, 239, 623, 4, 16, 25, 8, 8, 6, 2, 6, 9, 6, 4, 473, 7, 6, 3, 5, 4, 6, 7, 7, 8, 8, 189, 7, 6, 8, 7, 6, 3, 7, 3, 268, 7, 3, 196, 6, 271, 238, 5, 5, 6, 4, 3, 589, 6, 5, 4, 7, 6, 3, 5, 8, 8, 8, 469, 7, 5, 76, 4, 5, 9, 181, 7, 5, 475, 5, 5, 8, 4, 5, 11, 6, 8, 7, 7, 6, 6, 5]
11
	38.802083333333336
	108.74143834034194
	11824.700412326389
	[  5   5  12   5   7   4  11   4   5   5   4   5   3 105   4   5   6  10
 341   8   3   2   5   4   5   6   7   7   7   6   8   8   4   7   4 221
  10   5   4   7   7   8   4   5   6   8   4   8   9   6   6   4   3   5
 208   5   5   6   6   5  12  12 346   5  11   8   5   6 616   4  11   5
   9   6  11   6   5   5   6   5   2   5   5   8   5   7   5   8   7   9
   5  12   6   6  12   7   7   8  10   6   6   5   5   7   5   5   7   4
   9   9   1 238 239 623   4  16  25   8   8   6   2   6   9   6   4 473
   7   6   3   5   4   6   7   7   8   8 189   7   6   8   7   6   3   7
   3 268   7   3 196   6 271 238   5   5   6   4   3 589   6   5   4   7
   6   3   5   8   8   8 469   7   5  76   4   5   9 181   7   5 475   5
   5   8   4   5  11   6   8   7   7   6   6   5]
(null): log_init(): Unable to open logfile`/var/log/slurm/slurmd.log': No such file or directory
(null): log_init(): Unable to open logfile`/var/log/slurm/slurmd.log': No such file or directory
(null): log_init(): Unable to open logfile`/var/log/slurm/slurmd.log': No such file or directory
(null): log_init(): Unable to open logfile`/var/log/slurm/slurmd.log': No such file or directory
(null): log_init(): Unable to open logfile`/var/log/slurm/slurmd.log': No such file or directory
(null): log_init(): Unable to open logfile`/var/log/slurm/slurmd.log': No such file or directory
[8, 6, 5, 8, 6, 9, 6, 705, 7, 9, 7, 7, 8, 6, 5, 5, 3, 8, 8, 11, 5, 17, 5, 5, 5, 5, 4, 263, 8, 7, 206, 4, 7, 6, 10, 9, 4, 6, 4, 7, 6, 8, 1, 3, 6, 2, 7, 6, 9, 536, 3, 6, 5, 5, 5, 6, 5, 4, 9, 77, 6, 5, 290, 8, 5, 4, 8, 4, 8, 5, 5, 5, 4, 11, 3, 8, 6, 8, 427, 5, 6, 7, 4, 10, 6, 404, 7, 8, 5, 8, 6, 7, 6, 3, 3, 6, 8, 4, 5, 229, 5, 4792, 3, 13, 5, 6, 10, 9, 6, 412, 7, 10, 11, 3, 6, 5, 802, 4, 6, 6, 9, 7, 12, 5, 7, 5, 8, 8, 10, 7, 4, 6, 5, 2, 3, 6, 6, 7, 9, 7, 383, 6, 6, 6, 4, 15, 4, 8, 7, 7, 5, 6, 3, 8, 7, 205, 5, 2, 6, 8, 5, 4, 7, 592, 6, 6, 14, 4, 5, 9, 13, 6, 6, 6, 7, 5, 13, 8, 9, 9, 4, 11, 3, 9, 9, 6, 6, 195, 6, 6, 8, 12]
12
	60.75
	361.1133392025279
	130402.84375
	[   8    6    5    8    6    9    6  705    7    9    7    7    8    6
    5    5    3    8    8   11    5   17    5    5    5    5    4  263
    8    7  206    4    7    6   10    9    4    6    4    7    6    8
    1    3    6    2    7    6    9  536    3    6    5    5    5    6
    5    4    9   77    6    5  290    8    5    4    8    4    8    5
    5    5    4   11    3    8    6    8  427    5    6    7    4   10
    6  404    7    8    5    8    6    7    6    3    3    6    8    4
    5  229    5 4792    3   13    5    6   10    9    6  412    7   10
   11    3    6    5  802    4    6    6    9    7   12    5    7    5
    8    8   10    7    4    6    5    2    3    6    6    7    9    7
  383    6    6    6    4   15    4    8    7    7    5    6    3    8
    7  205    5    2    6    8    5    4    7  592    6    6   14    4
    5    9   13    6    6    6    7    5   13    8    9    9    4   11
    3    9    9    6    6  195    6    6    8   12]
(null): log_init(): Unable to open logfile`/var/log/slurm/slurmd.log': No such file or directory
(null): log_init(): Unable to open logfile`/var/log/slurm/slurmd.log': No such file or directory
(null): log_init(): Unable to open logfile`/var/log/slurm/slurmd.log': No such file or directory
(null): log_init(): Unable to open logfile`/var/log/slurm/slurmd.log': No such file or directory
[3, 3, 518, 4, 6, 7, 4, 504, 8, 9, 202, 182, 5, 7, 8, 6, 28, 6, 7, 11, 409, 3, 7, 7, 7, 5, 355, 14, 5, 3, 5, 8, 8, 5, 9, 8, 8, 12, 3, 3, 7, 9, 5, 427, 5, 4, 214, 6, 146, 9, 5, 6, 7, 6, 5, 5, 7, 3, 10, 8, 7, 9, 4, 7, 8, 7, 8, 9, 10, 14, 8, 9, 12, 7, 3, 11, 8, 6, 7, 4, 5, 7, 7, 10, 5, 351, 3, 3, 5, 4, 6, 7, 6, 8, 6, 4, 6, 3, 6, 3, 8, 7, 2, 8, 347, 6, 6, 9, 4, 6, 7, 7, 7, 8, 6, 5, 8, 14, 6, 11, 5, 6, 3, 6, 5, 3, 9, 9, 6, 9, 2, 6, 8, 5, 5, 4, 12, 324, 7, 135, 5, 4, 5, 7, 7, 4, 7, 7, 5, 7, 8, 3, 397, 6, 5, 12, 3, 6, 5, 4, 8, 6, 259, 5, 6, 5, 7, 7, 8, 1, 9, 6, 6, 2, 4, 6, 6, 7, 251, 8, 4, 8, 6, 6, 10, 263, 7, 4, 8, 8, 7, 267]
13
	34.854166666666664
	94.36343518177766
	8904.457899305555
	[  3   3 518   4   6   7   4 504   8   9 202 182   5   7   8   6  28   6
   7  11 409   3   7   7   7   5 355  14   5   3   5   8   8   5   9   8
   8  12   3   3   7   9   5 427   5   4 214   6 146   9   5   6   7   6
   5   5   7   3  10   8   7   9   4   7   8   7   8   9  10  14   8   9
  12   7   3  11   8   6   7   4   5   7   7  10   5 351   3   3   5   4
   6   7   6   8   6   4   6   3   6   3   8   7   2   8 347   6   6   9
   4   6   7   7   7   8   6   5   8  14   6  11   5   6   3   6   5   3
   9   9   6   9   2   6   8   5   5   4  12 324   7 135   5   4   5   7
   7   4   7   7   5   7   8   3 397   6   5  12   3   6   5   4   8   6
 259   5   6   5   7   7   8   1   9   6   6   2   4   6   6   7 251   8
   4   8   6   6  10 263   7   4   8   8   7 267]
(null): log_init(): Unable to open logfile`/var/log/slurm/slurmd.log': No such file or directory
(null): log_init(): Unable to open logfile`/var/log/slurm/slurmd.log': No such file or directory
(null): log_init(): Unable to open logfile`/var/log/slurm/slurmd.log': No such file or directory
(null): log_init(): Unable to open logfile`/var/log/slurm/slurmd.log': No such file or directory
(null): log_init(): Unable to open logfile`/var/log/slurm/slurmd.log': No such file or directory
(null): log_init(): Unable to open logfile`/var/log/slurm/slurmd.log': No such file or directory
[3, 10, 6, 6, 6, 9, 4, 8, 8, 6, 10, 11, 5, 8, 5, 8, 8, 8, 5, 10, 3, 8, 8, 8, 5, 7, 4, 7, 5, 355, 6, 4, 8, 7, 6, 6, 8, 6, 528, 8, 5, 8, 17, 4, 8, 7, 5, 5, 6, 7, 7, 6, 8, 6, 8, 4, 8, 6, 7, 6, 6, 17, 5, 5, 272, 512, 9, 12, 6, 5, 13, 6, 10, 3, 5, 6, 11, 7, 5, 5, 278, 2, 456, 8, 7, 4, 5, 5, 4, 6, 5, 7, 5, 6, 9, 5, 3, 6, 9, 11, 8, 7, 5, 6, 5, 116, 7, 6, 9, 13, 8, 342, 16, 8, 3, 13, 169, 6, 4, 6, 6, 622, 10, 5, 5, 3, 5, 7, 2, 8, 7, 6, 3, 6, 5, 5, 4, 8, 7, 3, 9, 6, 5, 5, 4, 7, 7, 7, 7, 6, 8, 9, 9, 7, 3, 6, 2, 6, 2, 8, 6, 2, 2, 309, 4, 5, 6, 203, 10, 8, 6, 377, 4, 6, 3, 5, 4, 4, 9, 201, 4, 7, 8, 6, 4, 6, 4, 7, 6, 7, 4, 5]
14
	30.671875
	94.62624746329305
	8954.126708984375
	[  3  10   6   6   6   9   4   8   8   6  10  11   5   8   5   8   8   8
   5  10   3   8   8   8   5   7   4   7   5 355   6   4   8   7   6   6
   8   6 528   8   5   8  17   4   8   7   5   5   6   7   7   6   8   6
   8   4   8   6   7   6   6  17   5   5 272 512   9  12   6   5  13   6
  10   3   5   6  11   7   5   5 278   2 456   8   7   4   5   5   4   6
   5   7   5   6   9   5   3   6   9  11   8   7   5   6   5 116   7   6
   9  13   8 342  16   8   3  13 169   6   4   6   6 622  10   5   5   3
   5   7   2   8   7   6   3   6   5   5   4   8   7   3   9   6   5   5
   4   7   7   7   7   6   8   9   9   7   3   6   2   6   2   8   6   2
   2 309   4   5   6 203  10   8   6 377   4   6   3   5   4   4   9 201
   4   7   8   6   4   6   4   7   6   7   4   5]
